time,x,y,z,phi,theta,psi,x_velocity,y_velocity,z_velocity,phi_velocity,theta_velocity,psi_velocity,rotor_speed1,rotor_speed2,rotor_speed3,rotor_speed4
0.06,8.08619602996304e-08,1.0831610800072607e-06,10.003945534289176,0.0007516206814317528,6.283049356412189,0.0,9.481684150205886e-06,8.422659065172724e-05,0.13151096113008878,0.030054052224030264,-0.0072339656423991115,0.0,446.22832984452685,445.63756657815946,446.4133222681082,448.85849253423044
0.12000000000000001,5.54829778650444e-06,3.2919025008586586e-05,10.018536031578904,0.002829784437464511,6.282909309000878,0.0,0.0002055250691059546,0.0012118885922548922,0.3547953443613746,0.04250621747142241,0.00600547979751808,0.0,474.2830241360847,475.29864497945084,473.6177498539644,474.57474878253015
0.18,2.257260005103098e-05,0.00017850068183001882,10.044229622167895,0.005395589732578365,6.283151768421741,0.0,0.0003287546671834109,0.003919342382970787,0.5016030627738576,0.043272785926617166,-0.00021018428527239726,0.0,452.35478753744985,451.8539907260402,451.1913553997684,451.2542056004407
0.23999999999999996,4.2644371736297953e-05,0.0005294735376858333,10.076367546908477,0.008052512821791424,6.282611688734772,0.0,0.0003547661690488902,0.008035136010001918,0.5696275685888831,0.046227241943242806,-0.03934687571711137,0.0,428.47114030429236,425.1313777160278,426.89812503373275,427.1513144892286
0.3,8.527783333816532e-05,0.0011922069702804963,10.113982655692087,0.01054921343152504,6.280217146296881,0.0,0.001313920384330245,0.014332119948288268,0.6841444495105135,0.03025842443080823,-0.04105745336680797,0.0,441.51956525434883,441.37760876965257,442.9005305222472,441.5863121848871
0.36000000000000004,0.0002454597511929171,0.002310826109165466,10.16111398753543,0.011874535071760839,6.277691652482044,0.0,0.004317274860961335,0.023149238134641852,0.8867611753239941,-0.00406875143380734,-0.04424379664852655,0.0,468.4412886351779,468.192619833609,470.7167278839443,468.05315184266783
0.4200000000000001,0.0006194714693811482,0.003929126407913522,10.216030431474065,0.011864968506049678,6.275781929658859,0.0,0.00836068650316669,0.030782297151716563,0.9437400443880846,0.0066943315326716615,-0.014416667337546808,0.0,422.84747843627076,425.4082714850238,423.13284695975034,424.0583019360422
0.48000000000000015,0.0012536999449472873,0.0059854174416900385,10.272515502651116,0.012498342059748424,6.27464961216454,0.0,0.012864998173412131,0.03780630573957025,0.9390982102038802,0.017336229445547115,-0.029737780304214034,0.0,403.70497457359477,402.32029806421855,403.0630142941695,404.0234123212374
0.5400000000000001,0.002256934309698698,0.008585806072381102,10.33737478750959,0.013302178879814441,6.273338377500128,0.0,0.02076936795709329,0.04899091979831822,1.2226150832112752,0.004048055212922073,-0.009500493068031149,0.0,491.63665497399717,493.13360819476725,493.36415037965156,492.38206225912484
0.6000000000000002,0.0037249358350124194,0.011822652205619542,10.415364481795741,0.01330702138888551,6.272804540984467,0.0,0.02822297212570463,0.05891679713126624,1.3768671238186587,-0.009350700689412577,-0.007717319887778437,0.0,455.28606002375636,455.42881442696915,455.78906279337906,454.7170915247464
0.6600000000000003,0.005658270643939881,0.015660160525671606,10.503235250475775,0.01237619712084026,6.272222570524379,0.0,0.03627789768834391,0.06891761332186676,1.5519374414213987,-0.0321833884716055,-0.013992012877886751,0.0,461.8927027534537,461.39776196415306,463.23550328981264,461.4367779800506
0.7200000000000003,0.008084822367793253,0.020065888635246384,10.601177614111293,0.010865246183135113,6.271500269300503,0.0,0.044690963773042165,0.07774913809784592,1.7125822515951286,-0.013952240189857367,-0.008392384910124584,0.0,457.86083042681645,458.30619864549175,457.4012522111449,458.85059215838146
0.7800000000000004,0.010994225861025808,0.024938103124577244,10.70562597195692,0.009560565630910567,6.270962758867643,0.0,0.05233778515495555,0.08456263128497264,1.7689441922556823,-0.0457555694663716,-0.010115506171673656,0.0,426.5926687699241,426.44563366218443,426.4002549817963,423.6746158304189
0.8400000000000004,0.014398901819505027,0.03020574762512467,10.815550983334628,0.006717036511540542,6.270475800543107,0.0,0.06120646580786995,0.09072784534549941,1.8950241262649505,-0.05088330305406433,-0.004390006620855017,0.0,446.97794585060336,447.44438906828486,449.3195478303169,448.902336856414
0.9000000000000005,0.018297909674003625,0.03575847103073159,10.92937617565864,0.0034698223552123153,6.2697199157929795,0.0,0.068796263347802,0.09408680068263187,1.899143400404936,-0.06153714533070647,-0.03898832463152701,0.0,409.8254262411784,406.73870368142104,410.20868671614784,409.25931252576754
0.9600000000000005,0.02269937726032799,0.04145920551495849,11.045362305200287,0.0005191244643389936,6.267361198186082,0.0,0.07814605136247813,0.09562128346179273,1.966944130984431,-0.03182479600258813,-0.039967043848270524,0.0,429.9125841702032,429.82882035862826,429.16524579093374,431.6777853688518
1.0200000000000005,0.02772707043986168,0.047199550302942636,11.16659022763273,6.281429365384197,6.264413949866952,0.0,0.08970034048300445,0.09551218786884251,2.0737942378337992,-0.05431488035641149,-0.08247495364744092,0.0,444.8465547592264,441.35010448571546,443.5332341833547,441.68157067523435
1.0800000000000005,0.03345357465292174,0.05288856735888031,11.290856457820066,6.27781259047029,6.259212218663453,0.0,0.10162032409624241,0.09382789047954727,2.068413119576853,-0.07618986650022633,-0.09685268933041619,0.0,407.6963674133982,406.40266454703305,406.9382339186673,404.9722890805733
1.1400000000000006,0.040057258622388354,0.058392365958690684,11.417518798621012,6.273529829478974,6.253143852556487,0.0,0.11908939724867317,0.08919257340923108,2.153489484418908,-0.06317470443161524,-0.11149051503917068,0.0,437.2690657788086,436.0388131086575,435.5979829193742,436.6808681919788
1.2000000000000006,0.047740411574409614,0.06356576275384596,11.546257685241645,6.2701202363169735,6.246220489515981,0.0,0.13759305978350822,0.08295022780092988,2.1378130984319994,-0.04646249069410578,-0.12461406840999895,0.0,403.6977117461895,402.49828165440925,402.90620308464383,404.411605197842
1.2600000000000007,0.05689211966462475,0.06822487666769858,11.680233780929763,6.267243348804406,6.238978971091353,0.0,0.16829680876884778,0.07203285866500944,2.3276494229157434,-0.051097387617525705,-0.11382490551009702,0.0,469.7052495324766,470.5288428859127,468.1069959870397,467.74492090134976
1.3200000000000007,0.06779023685594436,0.072256409969708,11.819822972735421,6.264616522559351,6.231901199685776,0.0,0.19557613375091937,0.06210756535141239,2.325292993433329,-0.03214404979606717,-0.1278746335875702,0.0,408.58859819758493,407.3200878437252,408.94904610990557,410.6324240324177
1.3800000000000008,0.08076723018801274,0.07553649610299887,11.965236491848833,6.262483179789278,6.224304245220502,0.0,0.23785497350836515,0.04700298458612351,2.5213549326757088,-0.043440835108963446,-0.1242127250338088,0.0,471.4601240081109,471.7293535023829,472.4573346478917,471.58507386395416
1.4400000000000008,0.09649769735561213,0.0778437158580536,12.123048733706938,6.259554865392563,6.217026700188617,0.0,0.2873411729467802,0.029589877909337904,2.7384899108495366,-0.06258322406783731,-0.11601694513456862,0.0,478.2000853929285,478.811789798445,480.14860182174635,478.69280562545146
1.5000000000000009,0.1150923083950239,0.07913094117624013,12.289746778483675,6.255665032146876,6.209816720815979,0.0,0.3331641934743443,0.012946158171158954,2.817852433151027,-0.06975103005326433,-0.13011123340923075,0.0,438.8119726889552,437.627001421181,438.4242822964199,437.82515591119517
1.560000000000001,0.13704024456047215,0.07916837729808804,12.467292083294483,6.251873587956851,6.202453984877131,0.0,0.3993509587309576,-0.012185776073590896,3.099500835113902,-0.05254313575533068,-0.11097784254245026,0.0,498.4642483776343,499.8484407043894,498.40391839263185,499.65746293394284
1.620000000000001,0.16251181062300324,0.07785053048078328,12.653996553312634,6.249120932217902,6.196023924888994,0.0,0.45028646507606057,-0.032003720807307054,3.1238421611884717,-0.03508903441269488,-0.10047299702230414,0.0,422.7199728390417,423.6134753380533,421.3578890148703,422.8627116317333
1.680000000000001,0.19123617004091473,0.07526514218901466,12.843061386052,6.246627422515019,6.189619079886979,0.0,0.5077627885637329,-0.0543821213303902,3.178090823829887,-0.05943000351491361,-0.12382818115895566,0.0,433.34152765472334,431.36302300446266,434.1590475864373,432.1107747194679
1.740000000000001,0.22398266274607342,0.07111092577452341,13.040043375600293,6.243603503133398,6.181759580147975,0.0,0.5846205044069,-0.08444904964934423,3.3872509282606726,-0.036661520100459394,-0.15183464126870386,0.0,482.81244498285395,480.679861872281,479.0156135415537,480.7423939036466
1.8000000000000012,0.26125471202158645,0.06519493321968367,13.246838376824472,6.241047395233615,6.1727623843593555,0.0,0.6586860577820498,-0.11297560131045975,3.5054187441582694,-0.05842519426528749,-0.14643770736764108,0.0,454.1877954184189,454.5998312393322,456.51473044943606,454.7736875011741
1.8600000000000012,0.3031317386956067,0.057519949974190056,13.46045051797497,6.237032357492602,6.163643198658093,0.0,0.7380907776910155,-0.14321314574964006,3.6144868098612757,-0.09509250395416793,-0.16638164098331665,0.0,453.99728208836984,452.37248294134247,454.8091393490195,451.8588624025851
1.9200000000000013,0.3499544019149612,0.04794410630715094,13.68046822788859,6.231212684219361,6.153416875690425,0.0,0.823650178337671,-0.17654836646504063,3.718898163149754,-0.10109590878135014,-0.18011043735107568,0.0,453.292690937494,452.1605344540152,453.33089004426165,452.84034040327003
1.9800000000000013,0.4019828307561674,0.036304364847492915,13.9056405314504,6.2250111638327965,6.142239873320605,0.0,0.9116542093501953,-0.21201597421520596,3.786392229117939,-0.10831443177948283,-0.2029535589848111,0.0,443.6796345766934,441.76557073497867,442.47834441785545,441.8742532101804
2.0400000000000014,0.459106202918264,0.0225829733897626,14.131994860695638,6.218498406305356,6.130810635825572,0.0,0.9934331381819489,-0.245897587457149,3.7586091954021805,-0.10901266600381988,-0.17304279096492248,0.0,410.9524575282418,413.55602854077796,411.7008916416358,411.6276973471454
2.1000000000000014,0.5218913403271765,0.006480440597813284,14.360297482942999,6.212363103490487,6.120666649874654,0.0,1.1003718491401022,-0.29145351214629506,3.85088656784396,-0.09134944427700084,-0.16211853252195974,0.0,451.6515776169966,452.5048987658935,450.57281639046437,451.98956581748723
2.1600000000000015,0.5917994499694925,-0.012692886027017358,14.597122675020891,6.206657852600969,6.111023545444279,0.0,1.230881468100024,-0.3482331820324593,4.042289126988138,-0.10386209627106895,-0.15805909601074625,0.0,482.94949733237655,483.23330550522775,483.44255724463756,482.4917817661837
2.2200000000000015,0.6693673570299616,-0.03523249022394315,14.84315181201802,6.200952542683908,6.101954936260672,0.0,1.3555762404172789,-0.40365085786520233,4.15793554615224,-0.0816602876802261,-0.14003473176151532,0.0,461.3628235578551,462.76304681820596,461.5982629259112,463.33956519227945
2.2800000000000016,0.7543767593215028,-0.061109627815877865,15.094865188573543,6.196022446082075,6.094278911574548,0.0,1.4787649407400019,-0.45935854528131326,4.231933539411745,-0.08320344232923027,-0.11085030959635267,0.0,449.94809890058843,452.2895415719723,450.55114727201845,450.4209740245556
2.3400000000000016,0.8466585671085576,-0.09030525151735674,15.349622469614976,6.190631850266671,6.0874910858014,0.0,1.5978451178408357,-0.5142687281958869,4.259591783994683,-0.10840221349717878,-0.11812753326279425,0.0,438.4031179938038,437.7863402116201,437.17217667444913,435.05992129317417
2.4000000000000017,0.9463995722328025,-0.12298813110145941,15.606961592237667,6.184260687984505,6.080508661770953,0.0,1.727433839142612,-0.57573146244897,4.317824433168381,-0.10208938075049895,-0.11308150118109855,0.0,446.96642405914275,447.3654753505464,448.3453179742359,448.8481983173403
2.4600000000000017,1.0541449912812273,-0.15952633965618415,15.868235243229645,6.178664903334171,6.073969452782537,0.0,1.8646138760949769,-0.6427231409401434,4.390666496140012,-0.0797721221380042,-0.10185443070339477,0.0,453.1621723893167,454.05356592723547,452.9539674108989,454.7379617259891
2.520000000000002,1.1702880961043,-0.20021119912706412,16.13405665817003,6.1739929498026225,6.068591890105486,0.0,2.007247689650573,-0.713845530154423,4.469398407201933,-0.0743047227010709,-0.07240886412172248,0.0,455.4532957464712,457.79560799687846,456.9781580156013,457.4091691631678
2.580000000000002,1.2954371482881146,-0.24543096017689098,16.40617358006426,6.1698394119827,6.063931075852015,0.0,2.1646650395074567,-0.793849785530012,4.600289625941412,-0.060630438472629354,-0.09113890029097767,0.0,474.31558970767907,472.8702401923302,474.6463697804414,475.691398663896
2.640000000000002,1.4303759975968886,-0.29566222625822086,16.687212187702734,6.166164217239611,6.058688576841902,0.0,2.333644689612666,-0.8808191126918099,4.766563326570991,-0.06252831186287398,-0.08075109415271259,0.0,486.7021335984696,487.4734299147134,486.6403515388934,486.49592686475626
2.700000000000002,1.5755826110890232,-0.35120436678351585,16.97828374805044,6.16254962601732,6.053580058971528,0.0,2.50685793291297,-0.9708739850712703,4.934670305601785,-0.05602705492960684,-0.0958057190946307,0.0,490.31139149659236,489.1861805473362,489.1645008034046,489.64623865799
2.760000000000002,1.7309811069431555,-0.4120685776171699,17.278090398467395,6.158904546172295,6.047418948612151,0.0,2.673471404755527,-1.0581911617327189,5.057881004933994,-0.07243977542520127,-0.1222622842468423,0.0,479.79942603137386,477.7775399446839,478.8179676777554,477.5650912936011
2.820000000000002,1.8959171828177248,-0.47794793773747113,17.58283543661179,6.1546205036023345,6.040036545273054,0.0,2.8249244348566735,-1.1381209212878545,5.099613994163589,-0.0694006442234255,-0.12464116833975816,0.0,455.11659804454456,454.9127866206847,455.46088347026694,455.70014115401835
2.880000000000002,2.0703090679963174,-0.5488240838379105,17.890988718741283,6.150822262147813,6.032410728452831,0.0,2.988663796016153,-1.2247089686493444,5.171294717446742,-0.05328118392519707,-0.13252040425913456,0.0,465.9792996018634,465.34886394475313,466.1456356430281,467.4010085427535
2.940000000000002,2.253447063354356,-0.624337451974022,18.19870287475061,6.147668996330058,6.024527524198906,0.0,3.1165061829931893,-1.292653223780691,5.085808376239963,-0.051139680929625925,-0.12921295131753077,0.0,415.98770477824615,416.260153327394,415.9485540687878,416.1340916146929
3.000000000000002,2.44501149829124,-0.7043046459755897,18.503670256487872,6.144752434944493,6.016549277854333,0.0,3.2695143593019163,-1.3731316936052425,5.079284129715962,-0.04397777648928567,-0.14179683565104303,0.0,443.6023342984021,442.55110765313253,442.8614403133055,443.44878048589635
3.0600000000000023,2.6454329873372875,-0.788920784574343,18.806572954240437,6.141844764339604,6.007969194609409,0.0,3.411797540198922,-1.4476129137606142,5.017250938149008,-0.05940868152384926,-0.1455232664473442,0.0,425.8091230198662,425.4700692309392,425.97194467443865,424.6484059310275
3.1200000000000023,2.8541670021501373,-0.8778800784988836,19.10450263553976,6.138663208355879,5.998931328375921,0.0,3.5466176169653427,-1.5179582779028762,4.913706806870141,-0.04261503424657021,-0.16353519884606665,0.0,412.4695924407877,410.8517413475238,410.44136627535164,411.92726073108605
3.1800000000000024,3.0715471509302836,-0.971317318366186,19.39764908561858,6.136786087718768,5.989269347397023,0.0,3.7000525059197895,-1.596765886327959,4.857507334209243,-0.014989513751119033,-0.15645299023176162,0.0,428.17272768472486,428.74919914594574,426.7944174185499,429.14571772306454
3.2400000000000024,3.298696491851584,-1.0697116729795053,19.688760093840877,6.136329524379978,5.979443455332753,0.0,3.8722202224044016,-1.6830472889429722,4.845612894708975,0.004110866679785835,-0.185293317739751,0.0,446.0525731581887,443.6641538084091,442.39773000715377,443.9680646302778
3.3000000000000025,3.537136894531124,-1.173658129353785,19.98162059343235,6.136901141261365,5.96878326558485,0.0,4.076512943343501,-1.781662646260841,4.915286283511456,0.018607915063107758,-0.16565599407459217,0.0,470.8101663287227,472.2985413157058,471.591530175013,472.7100825802343
3.3600000000000025,3.7869376916684727,-1.2830229273009903,20.27532006154544,6.138151456184568,5.959861933366351,0.0,4.250759883636164,-1.8637087293753294,4.874259378122588,0.02496297033614438,-0.12714584720551664,0.0,436.3545980382791,439.53592600593396,437.61882741497243,438.1476064840889
3.4200000000000026,4.048586155179873,-1.3978370451498021,20.570264563915803,6.139889006826529,5.95187980117003,0.0,4.471202746509713,-1.9631474427750635,4.9561176266536116,0.035945343517262175,-0.14865425489052417,0.0,479.81352961195864,478.1622715269279,478.44886600366226,479.2846133290029
3.4800000000000026,4.322657785133849,-1.5181934508053447,20.867371613953765,6.1416852191045805,5.943256217055907,0.0,4.664995603585856,-2.0485133725517777,4.9468098982158235,0.013856192298556277,-0.13535514692718983,0.0,451.5785519949988,452.63127007961265,452.7330852620719,450.9521469001722
3.5400000000000027,4.609127132532484,-1.6439053117406612,21.165685427105863,6.142622157189468,5.935298397668422,0.0,4.884321658800517,-2.1417017420584683,4.9959689086067005,0.0189206437784598,-0.12767746052680373,0.0,472.7153445514733,473.2916824867242,471.6491698335334,472.040120068844
3.6000000000000028,4.907361488894167,-1.774609912293929,21.462781306830514,6.144514323336233,5.927956711971898,0.0,5.057222724626774,-2.2150311072033206,4.907072043621088,0.049149029260612785,-0.11343039730567665,0.0,428.170358650617,429.3667499698816,426.70211164118183,429.2759215186824
3.660000000000003,5.21497156318119,-1.9092916686293528,21.75166078064682,6.147849806726779,5.9216303279668985,0.0,5.196873461432513,-2.274296600638858,4.722723958339376,0.06608215490620244,-0.09296162173853426,0.0,391.7344058281237,393.62211855856316,393.59414239784974,395.1610908575803
3.720000000000003,5.532928163877267,-2.048180578918891,22.034510194833757,6.151493025446555,5.916541325189732,0.0,5.401784973489865,-2.355008823353691,4.705128889331732,0.04695275057713834,-0.07214672049409813,0.0,451.5711924607769,453.2415646380052,452.61327826089246,451.073215022557
3.780000000000003,5.862013052716632,-2.191453231845753,22.31317660641391,6.1544284707596475,5.9123427901099355,0.0,5.5678724696603865,-2.420634326836439,4.583932950229152,0.052599728880120836,-0.06595499914231265,0.0,416.1660095464456,416.70365750892455,417.2338683388922,417.7283628747967
3.840000000000003,6.202099213011887,-2.338969568983691,22.58716988341655,6.157378290803116,5.90830512022259,0.0,5.768318912615513,-2.4963512253361975,4.548861395269229,0.04121380252488689,-0.07011640318349262,0.0,447.0589177087879,446.71626337901836,447.23409718635713,446.3070036932102
3.900000000000003,6.553204746137689,-2.4906683218070373,22.856465509967826,6.160196552932074,5.904055779599259,0.0,5.935330760478072,-2.5601794747859503,4.427835119003947,0.0565278676548012,-0.0722721745449864,0.0,417.48678404142487,417.2943955086294,416.56496247605924,417.90376613687465
3.960000000000003,6.915453869184837,-2.646508476862423,23.121260963350675,6.16400730703581,5.899876759260154,0.0,6.13960824640748,-2.634220815633367,4.398325806335592,0.0747187774227179,-0.0648663290812082,0.0,447.5217279568086,448.1206113400259,449.6152942874706,451.08981626987145
4.020000000000002,7.291582295877905,-2.8072082308146733,23.38823023480281,6.168481026933836,5.89627488309522,0.0,6.39767539762389,-2.7219257618908226,4.499548687201971,0.07424676124463091,-0.05178990891726694,0.0,492.22351515608267,493.1882687206972,491.7024167573026,491.6712022135769
4.080000000000001,7.679563487152984,-2.972077316790299,23.652393081755033,6.173254083019726,5.893041138545218,0.0,6.535201569383781,-2.7736011944147165,4.306592650753127,0.08846805326443967,-0.05847845631375256,0.0,393.5778674771321,392.95578448457513,392.36665135620603,393.6910309962296
4.14,8.076742501227017,-3.140261166527177,23.907319677519034,6.178999149661784,5.889225269297626,0.0,6.704139848194877,-2.8322480921466644,4.1911987433338584,0.10733985901147987,-0.07655317881374904,0.0,421.6871816459773,420.11915097427317,419.33816781042026,420.9829798819507
4.199999999999998,8.485988045860664,-3.3123745810160035,24.15994480135389,6.184899142097816,5.884639591067142,0.0,6.937203770160272,-2.9042925264432795,4.228910724640027,0.06631412668360845,-0.07617886734833686,0.0,471.92119360331503,471.94585198460766,474.6584504194003,471.50576663848585
4.259999999999997,8.90818120536282,-3.4884804385621817,24.41232733532798,6.189012470586537,5.8795364114478215,0.0,7.135861330996826,-2.9656301734373045,4.183557642805457,0.07269651870531064,-0.11599090724198093,0.0,448.19479588942016,444.93969732409334,446.1246529800766,446.64912649706844
4.319999999999996,9.340946158041088,-3.667914386481058,24.658779161351276,6.193395374536003,5.872256291435203,0.0,7.289939490120137,-3.0153255509901533,4.031758962402201,0.07374264778674831,-0.13503320719296524,0.0,410.0607801383441,408.35016849769664,408.92991899377483,409.0277676849739
4.379999999999995,9.785959813715127,-3.850890479184206,24.90286046404444,6.197859926630732,5.864433505807007,0.0,7.54386177060891,-3.0834150506686173,4.103031337511464,0.07570933854050434,-0.12240977311331877,0.0,485.12838232130684,486.0614211296035,485.2064609997365,485.35793483436765
4.439999999999993,10.24510665048129,-4.037651441445245,25.148520082604637,6.202268196546745,5.857119094262039,0.0,7.761097139685411,-3.1416009253361876,4.084966891371787,0.06857308929498303,-0.12092049813766516,0.0,459.56751992697275,459.67268235818847,458.4335454346373,457.8700109762809
4.499999999999992,10.716120135779018,-4.227628595548006,25.39038584324613,6.206305218913837,5.850420342726446,0.0,7.939520603575896,-3.1907592309807384,3.977171055544582,0.06457295056734016,-0.0976308816530873,0.0,427.1208529231965,429.0911511214117,430.1922589333288,429.85685992696216
4.559999999999991,11.19853629138331,-4.420623982366965,25.62722233633674,6.209693076111591,5.844338387356233,0.0,8.14100019677357,-3.2421852968947147,3.91705512853827,0.030686409965720626,-0.11013142236377926,0.0,446.64439730891695,445.6144880973364,447.3767698867466,444.61023479693
4.6199999999999894,11.69347931964264,-4.616735971226771,25.86131018932485,6.211648979744442,5.83741404475796,0.0,8.357058270973335,-3.2947522410420853,3.8852495675654986,0.03617098135963063,-0.1288680162299736,0.0,457.18154330685184,455.67403532912545,456.7634452942765,457.2011162332945
4.679999999999988,12.200748901176,-4.815880219062281,26.09204196546902,6.213432552504663,5.830077484961041,0.0,8.552018164377891,-3.3432858222285016,3.8054478123693674,0.011950685710273632,-0.11159099365734582,0.0,440.3149674345049,441.7285266983915,442.99398133666574,440.99755173004604
4.739999999999987,12.720414800666507,-5.018021171598408,26.319319775870937,6.214050964340963,5.823724642713476,0.0,8.770066960658793,-3.3947157720378374,3.7698345850323474,0.006797948293783749,-0.09639348291179667,0.0,457.13905690531794,458.3392140903532,457.96206314188015,457.5517827838882
4.799999999999986,13.25487593934195,-5.223485184369343,26.547836231817293,6.215206044300082,5.817823393944536,0.0,9.044842668652905,-3.4539758862016217,3.845983685382584,0.03670403615852915,-0.10259249649050518,0.0,496.0302677590931,495.5674817299641,495.1596307835199,497.3553351354102
4.859999999999984,13.803095332660012,-5.432118345202865,26.775417561028558,6.217919052835349,5.811230687114289,0.0,9.229142925562106,-3.5003571478803384,3.739944485788243,0.05833786617783469,-0.13130126826110022,0.0,438.14751767065775,435.7419036121528,437.12415347592315,438.92499352082
4.919999999999983,14.362868525581849,-5.6435678520706585,26.9975539808091,6.221818362315954,5.803269760773768,0.0,9.429998620225781,-3.547734913960982,3.664164946020664,0.07575595365454323,-0.1355942433691459,0.0,448.2253977302006,447.8602096970247,448.67778403266504,450.0931040785474
4.979999999999982,14.936056987304703,-5.857966926129665,27.217647343368164,6.226093783492761,5.794842166045207,0.0,9.67612400717016,-3.598533683958911,3.671195860323227,0.06026484253503307,-0.1525833551342385,0.0,479.74164052878706,478.43251506045124,477.8634920077214,476.6842762973
5.0399999999999805,15.522541459778706,-6.075192094133636,27.43523676187117,6.230395241808546,5.786364010295333,0.0,9.873435858332813,-3.6420700443364646,3.581353949757067,0.0880841863380125,-0.12507069991883005,0.0,445.5522076691528,447.7775551995399,446.7830594665611,449.0499076371906
